%%% /Users/takatoosetsuo/polytech23.git/102-0424/presen/fig/graphpaper1.tex 
%%% Generator=200601.cdy 
{\unitlength=1cm%
\begin{picture}%
(12.4,12.4)(-6.2,-6.2)%
\linethickness{0.008in}%%
\Large\bf\boldmath%
\small%
\linethickness{0.006in}%%
\polyline(-6,6)(-6,-6)%
%
\linethickness{0.008in}%%
\linethickness{0.006in}%%
\polyline(-5,6)(-5,-6)%
%
\linethickness{0.008in}%%
\linethickness{0.006in}%%
\polyline(-4,6)(-4,-6)%
%
\linethickness{0.008in}%%
\linethickness{0.006in}%%
\polyline(-3,6)(-3,-6)%
%
\linethickness{0.008in}%%
\linethickness{0.006in}%%
\polyline(-2,6)(-2,-6)%
%
\linethickness{0.008in}%%
\linethickness{0.006in}%%
\polyline(-1,6)(-1,-6)%
%
\linethickness{0.008in}%%
\linethickness{0.006in}%%
\polyline(0,6)(0,-6)%
%
\linethickness{0.008in}%%
\linethickness{0.006in}%%
\polyline(1,6)(1,-6)%
%
\linethickness{0.008in}%%
\linethickness{0.006in}%%
\polyline(2,6)(2,-6)%
%
\linethickness{0.008in}%%
\linethickness{0.006in}%%
\polyline(3,6)(3,-6)%
%
\linethickness{0.008in}%%
\linethickness{0.006in}%%
\polyline(4,6)(4,-6)%
%
\linethickness{0.008in}%%
\linethickness{0.006in}%%
\polyline(5,6)(5,-6)%
%
\linethickness{0.008in}%%
\linethickness{0.006in}%%
\polyline(6,6)(6,-6)%
%
\linethickness{0.008in}%%
\linethickness{0.006in}%%
\polyline(-6,6)(6,6)%
%
\linethickness{0.008in}%%
\linethickness{0.006in}%%
\polyline(-6,5)(6,5)%
%
\linethickness{0.008in}%%
\linethickness{0.006in}%%
\polyline(-6,4)(6,4)%
%
\linethickness{0.008in}%%
\linethickness{0.006in}%%
\polyline(-6,3)(6,3)%
%
\linethickness{0.008in}%%
\linethickness{0.006in}%%
\polyline(-6,2)(6,2)%
%
\linethickness{0.008in}%%
\linethickness{0.006in}%%
\polyline(-6,1)(6,1)%
%
\linethickness{0.008in}%%
\linethickness{0.006in}%%
\polyline(-6,0)(6,0)%
%
\linethickness{0.008in}%%
\linethickness{0.006in}%%
\polyline(-6,-1)(6,-1)%
%
\linethickness{0.008in}%%
\linethickness{0.006in}%%
\polyline(-6,-2)(6,-2)%
%
\linethickness{0.008in}%%
\linethickness{0.006in}%%
\polyline(-6,-3)(6,-3)%
%
\linethickness{0.008in}%%
\linethickness{0.006in}%%
\polyline(-6,-4)(6,-4)%
%
\linethickness{0.008in}%%
\linethickness{0.006in}%%
\polyline(-6,-5)(6,-5)%
%
\linethickness{0.008in}%%
\linethickness{0.006in}%%
\polyline(-6,-6)(6,-6)%
%
\linethickness{0.008in}%%
\linethickness{0.004in}%%
\polyline(-5.5,-6)(-5.5,-5.901)\polyline(-5.5,-5.802)(-5.5,-5.702)\polyline(-5.5,-5.603)(-5.5,-5.504)%
\polyline(-5.5,-5.405)(-5.5,-5.306)\polyline(-5.5,-5.207)(-5.5,-5.107)\polyline(-5.5,-5.008)(-5.5,-4.909)%
\polyline(-5.5,-4.81)(-5.5,-4.711)\polyline(-5.5,-4.612)(-5.5,-4.512)\polyline(-5.5,-4.413)(-5.5,-4.314)%
\polyline(-5.5,-4.215)(-5.5,-4.116)\polyline(-5.5,-4.017)(-5.5,-3.917)\polyline(-5.5,-3.818)(-5.5,-3.719)%
\polyline(-5.5,-3.62)(-5.5,-3.521)\polyline(-5.5,-3.421)(-5.5,-3.322)\polyline(-5.5,-3.223)(-5.5,-3.124)%
\polyline(-5.5,-3.025)(-5.5,-2.926)\polyline(-5.5,-2.826)(-5.5,-2.727)\polyline(-5.5,-2.628)(-5.5,-2.529)%
\polyline(-5.5,-2.43)(-5.5,-2.331)\polyline(-5.5,-2.231)(-5.5,-2.132)\polyline(-5.5,-2.033)(-5.5,-1.934)%
\polyline(-5.5,-1.835)(-5.5,-1.736)\polyline(-5.5,-1.636)(-5.5,-1.537)\polyline(-5.5,-1.438)(-5.5,-1.339)%
\polyline(-5.5,-1.24)(-5.5,-1.14)\polyline(-5.5,-1.041)(-5.5,-0.942)\polyline(-5.5,-0.843)(-5.5,-0.744)%
\polyline(-5.5,-0.645)(-5.5,-0.545)\polyline(-5.5,-0.446)(-5.5,-0.347)\polyline(-5.5,-0.248)(-5.5,-0.149)%
\polyline(-5.5,-0.05)(-5.5,0.05)\polyline(-5.5,0.149)(-5.5,0.248)\polyline(-5.5,0.347)(-5.5,0.446)%
\polyline(-5.5,0.545)(-5.5,0.645)\polyline(-5.5,0.744)(-5.5,0.843)\polyline(-5.5,0.942)(-5.5,1.041)%
\polyline(-5.5,1.14)(-5.5,1.24)\polyline(-5.5,1.339)(-5.5,1.438)\polyline(-5.5,1.537)(-5.5,1.636)%
\polyline(-5.5,1.736)(-5.5,1.835)\polyline(-5.5,1.934)(-5.5,2.033)\polyline(-5.5,2.132)(-5.5,2.231)%
\polyline(-5.5,2.331)(-5.5,2.43)\polyline(-5.5,2.529)(-5.5,2.628)\polyline(-5.5,2.727)(-5.5,2.826)%
\polyline(-5.5,2.926)(-5.5,3.025)\polyline(-5.5,3.124)(-5.5,3.223)\polyline(-5.5,3.322)(-5.5,3.421)%
\polyline(-5.5,3.521)(-5.5,3.62)\polyline(-5.5,3.719)(-5.5,3.818)\polyline(-5.5,3.917)(-5.5,4.017)%
\polyline(-5.5,4.116)(-5.5,4.215)\polyline(-5.5,4.314)(-5.5,4.413)\polyline(-5.5,4.512)(-5.5,4.612)%
\polyline(-5.5,4.711)(-5.5,4.81)\polyline(-5.5,4.909)(-5.5,5.008)\polyline(-5.5,5.107)(-5.5,5.207)%
\polyline(-5.5,5.306)(-5.5,5.405)\polyline(-5.5,5.504)(-5.5,5.603)\polyline(-5.5,5.702)(-5.5,5.802)%
\polyline(-5.5,5.901)(-5.5,6)%
%
\polyline(-6,-5.5)(-5.901,-5.5)\polyline(-5.802,-5.5)(-5.702,-5.5)\polyline(-5.603,-5.5)(-5.504,-5.5)%
\polyline(-5.405,-5.5)(-5.306,-5.5)\polyline(-5.207,-5.5)(-5.107,-5.5)\polyline(-5.008,-5.5)(-4.909,-5.5)%
\polyline(-4.81,-5.5)(-4.711,-5.5)\polyline(-4.612,-5.5)(-4.512,-5.5)\polyline(-4.413,-5.5)(-4.314,-5.5)%
\polyline(-4.215,-5.5)(-4.116,-5.5)\polyline(-4.017,-5.5)(-3.917,-5.5)\polyline(-3.818,-5.5)(-3.719,-5.5)%
\polyline(-3.62,-5.5)(-3.521,-5.5)\polyline(-3.421,-5.5)(-3.322,-5.5)\polyline(-3.223,-5.5)(-3.124,-5.5)%
\polyline(-3.025,-5.5)(-2.926,-5.5)\polyline(-2.826,-5.5)(-2.727,-5.5)\polyline(-2.628,-5.5)(-2.529,-5.5)%
\polyline(-2.43,-5.5)(-2.331,-5.5)\polyline(-2.231,-5.5)(-2.132,-5.5)\polyline(-2.033,-5.5)(-1.934,-5.5)%
\polyline(-1.835,-5.5)(-1.736,-5.5)\polyline(-1.636,-5.5)(-1.537,-5.5)\polyline(-1.438,-5.5)(-1.339,-5.5)%
\polyline(-1.24,-5.5)(-1.14,-5.5)\polyline(-1.041,-5.5)(-0.942,-5.5)\polyline(-0.843,-5.5)(-0.744,-5.5)%
\polyline(-0.645,-5.5)(-0.545,-5.5)\polyline(-0.446,-5.5)(-0.347,-5.5)\polyline(-0.248,-5.5)(-0.149,-5.5)%
\polyline(-0.05,-5.5)(0.05,-5.5)\polyline(0.149,-5.5)(0.248,-5.5)\polyline(0.347,-5.5)(0.446,-5.5)%
\polyline(0.545,-5.5)(0.645,-5.5)\polyline(0.744,-5.5)(0.843,-5.5)\polyline(0.942,-5.5)(1.041,-5.5)%
\polyline(1.14,-5.5)(1.24,-5.5)\polyline(1.339,-5.5)(1.438,-5.5)\polyline(1.537,-5.5)(1.636,-5.5)%
\polyline(1.736,-5.5)(1.835,-5.5)\polyline(1.934,-5.5)(2.033,-5.5)\polyline(2.132,-5.5)(2.231,-5.5)%
\polyline(2.331,-5.5)(2.43,-5.5)\polyline(2.529,-5.5)(2.628,-5.5)\polyline(2.727,-5.5)(2.826,-5.5)%
\polyline(2.926,-5.5)(3.025,-5.5)\polyline(3.124,-5.5)(3.223,-5.5)\polyline(3.322,-5.5)(3.421,-5.5)%
\polyline(3.521,-5.5)(3.62,-5.5)\polyline(3.719,-5.5)(3.818,-5.5)\polyline(3.917,-5.5)(4.017,-5.5)%
\polyline(4.116,-5.5)(4.215,-5.5)\polyline(4.314,-5.5)(4.413,-5.5)\polyline(4.512,-5.5)(4.612,-5.5)%
\polyline(4.711,-5.5)(4.81,-5.5)\polyline(4.909,-5.5)(5.008,-5.5)\polyline(5.107,-5.5)(5.207,-5.5)%
\polyline(5.306,-5.5)(5.405,-5.5)\polyline(5.504,-5.5)(5.603,-5.5)\polyline(5.702,-5.5)(5.802,-5.5)%
\polyline(5.901,-5.5)(6,-5.5)%
%
\polyline(-4.5,-6)(-4.5,-5.901)\polyline(-4.5,-5.802)(-4.5,-5.702)\polyline(-4.5,-5.603)(-4.5,-5.504)%
\polyline(-4.5,-5.405)(-4.5,-5.306)\polyline(-4.5,-5.207)(-4.5,-5.107)\polyline(-4.5,-5.008)(-4.5,-4.909)%
\polyline(-4.5,-4.81)(-4.5,-4.711)\polyline(-4.5,-4.612)(-4.5,-4.512)\polyline(-4.5,-4.413)(-4.5,-4.314)%
\polyline(-4.5,-4.215)(-4.5,-4.116)\polyline(-4.5,-4.017)(-4.5,-3.917)\polyline(-4.5,-3.818)(-4.5,-3.719)%
\polyline(-4.5,-3.62)(-4.5,-3.521)\polyline(-4.5,-3.421)(-4.5,-3.322)\polyline(-4.5,-3.223)(-4.5,-3.124)%
\polyline(-4.5,-3.025)(-4.5,-2.926)\polyline(-4.5,-2.826)(-4.5,-2.727)\polyline(-4.5,-2.628)(-4.5,-2.529)%
\polyline(-4.5,-2.43)(-4.5,-2.331)\polyline(-4.5,-2.231)(-4.5,-2.132)\polyline(-4.5,-2.033)(-4.5,-1.934)%
\polyline(-4.5,-1.835)(-4.5,-1.736)\polyline(-4.5,-1.636)(-4.5,-1.537)\polyline(-4.5,-1.438)(-4.5,-1.339)%
\polyline(-4.5,-1.24)(-4.5,-1.14)\polyline(-4.5,-1.041)(-4.5,-0.942)\polyline(-4.5,-0.843)(-4.5,-0.744)%
\polyline(-4.5,-0.645)(-4.5,-0.545)\polyline(-4.5,-0.446)(-4.5,-0.347)\polyline(-4.5,-0.248)(-4.5,-0.149)%
\polyline(-4.5,-0.05)(-4.5,0.05)\polyline(-4.5,0.149)(-4.5,0.248)\polyline(-4.5,0.347)(-4.5,0.446)%
\polyline(-4.5,0.545)(-4.5,0.645)\polyline(-4.5,0.744)(-4.5,0.843)\polyline(-4.5,0.942)(-4.5,1.041)%
\polyline(-4.5,1.14)(-4.5,1.24)\polyline(-4.5,1.339)(-4.5,1.438)\polyline(-4.5,1.537)(-4.5,1.636)%
\polyline(-4.5,1.736)(-4.5,1.835)\polyline(-4.5,1.934)(-4.5,2.033)\polyline(-4.5,2.132)(-4.5,2.231)%
\polyline(-4.5,2.331)(-4.5,2.43)\polyline(-4.5,2.529)(-4.5,2.628)\polyline(-4.5,2.727)(-4.5,2.826)%
\polyline(-4.5,2.926)(-4.5,3.025)\polyline(-4.5,3.124)(-4.5,3.223)\polyline(-4.5,3.322)(-4.5,3.421)%
\polyline(-4.5,3.521)(-4.5,3.62)\polyline(-4.5,3.719)(-4.5,3.818)\polyline(-4.5,3.917)(-4.5,4.017)%
\polyline(-4.5,4.116)(-4.5,4.215)\polyline(-4.5,4.314)(-4.5,4.413)\polyline(-4.5,4.512)(-4.5,4.612)%
\polyline(-4.5,4.711)(-4.5,4.81)\polyline(-4.5,4.909)(-4.5,5.008)\polyline(-4.5,5.107)(-4.5,5.207)%
\polyline(-4.5,5.306)(-4.5,5.405)\polyline(-4.5,5.504)(-4.5,5.603)\polyline(-4.5,5.702)(-4.5,5.802)%
\polyline(-4.5,5.901)(-4.5,6)%
%
\polyline(-6,-4.5)(-5.901,-4.5)\polyline(-5.802,-4.5)(-5.702,-4.5)\polyline(-5.603,-4.5)(-5.504,-4.5)%
\polyline(-5.405,-4.5)(-5.306,-4.5)\polyline(-5.207,-4.5)(-5.107,-4.5)\polyline(-5.008,-4.5)(-4.909,-4.5)%
\polyline(-4.81,-4.5)(-4.711,-4.5)\polyline(-4.612,-4.5)(-4.512,-4.5)\polyline(-4.413,-4.5)(-4.314,-4.5)%
\polyline(-4.215,-4.5)(-4.116,-4.5)\polyline(-4.017,-4.5)(-3.917,-4.5)\polyline(-3.818,-4.5)(-3.719,-4.5)%
\polyline(-3.62,-4.5)(-3.521,-4.5)\polyline(-3.421,-4.5)(-3.322,-4.5)\polyline(-3.223,-4.5)(-3.124,-4.5)%
\polyline(-3.025,-4.5)(-2.926,-4.5)\polyline(-2.826,-4.5)(-2.727,-4.5)\polyline(-2.628,-4.5)(-2.529,-4.5)%
\polyline(-2.43,-4.5)(-2.331,-4.5)\polyline(-2.231,-4.5)(-2.132,-4.5)\polyline(-2.033,-4.5)(-1.934,-4.5)%
\polyline(-1.835,-4.5)(-1.736,-4.5)\polyline(-1.636,-4.5)(-1.537,-4.5)\polyline(-1.438,-4.5)(-1.339,-4.5)%
\polyline(-1.24,-4.5)(-1.14,-4.5)\polyline(-1.041,-4.5)(-0.942,-4.5)\polyline(-0.843,-4.5)(-0.744,-4.5)%
\polyline(-0.645,-4.5)(-0.545,-4.5)\polyline(-0.446,-4.5)(-0.347,-4.5)\polyline(-0.248,-4.5)(-0.149,-4.5)%
\polyline(-0.05,-4.5)(0.05,-4.5)\polyline(0.149,-4.5)(0.248,-4.5)\polyline(0.347,-4.5)(0.446,-4.5)%
\polyline(0.545,-4.5)(0.645,-4.5)\polyline(0.744,-4.5)(0.843,-4.5)\polyline(0.942,-4.5)(1.041,-4.5)%
\polyline(1.14,-4.5)(1.24,-4.5)\polyline(1.339,-4.5)(1.438,-4.5)\polyline(1.537,-4.5)(1.636,-4.5)%
\polyline(1.736,-4.5)(1.835,-4.5)\polyline(1.934,-4.5)(2.033,-4.5)\polyline(2.132,-4.5)(2.231,-4.5)%
\polyline(2.331,-4.5)(2.43,-4.5)\polyline(2.529,-4.5)(2.628,-4.5)\polyline(2.727,-4.5)(2.826,-4.5)%
\polyline(2.926,-4.5)(3.025,-4.5)\polyline(3.124,-4.5)(3.223,-4.5)\polyline(3.322,-4.5)(3.421,-4.5)%
\polyline(3.521,-4.5)(3.62,-4.5)\polyline(3.719,-4.5)(3.818,-4.5)\polyline(3.917,-4.5)(4.017,-4.5)%
\polyline(4.116,-4.5)(4.215,-4.5)\polyline(4.314,-4.5)(4.413,-4.5)\polyline(4.512,-4.5)(4.612,-4.5)%
\polyline(4.711,-4.5)(4.81,-4.5)\polyline(4.909,-4.5)(5.008,-4.5)\polyline(5.107,-4.5)(5.207,-4.5)%
\polyline(5.306,-4.5)(5.405,-4.5)\polyline(5.504,-4.5)(5.603,-4.5)\polyline(5.702,-4.5)(5.802,-4.5)%
\polyline(5.901,-4.5)(6,-4.5)%
%
\polyline(-3.5,-6)(-3.5,-5.901)\polyline(-3.5,-5.802)(-3.5,-5.702)\polyline(-3.5,-5.603)(-3.5,-5.504)%
\polyline(-3.5,-5.405)(-3.5,-5.306)\polyline(-3.5,-5.207)(-3.5,-5.107)\polyline(-3.5,-5.008)(-3.5,-4.909)%
\polyline(-3.5,-4.81)(-3.5,-4.711)\polyline(-3.5,-4.612)(-3.5,-4.512)\polyline(-3.5,-4.413)(-3.5,-4.314)%
\polyline(-3.5,-4.215)(-3.5,-4.116)\polyline(-3.5,-4.017)(-3.5,-3.917)\polyline(-3.5,-3.818)(-3.5,-3.719)%
\polyline(-3.5,-3.62)(-3.5,-3.521)\polyline(-3.5,-3.421)(-3.5,-3.322)\polyline(-3.5,-3.223)(-3.5,-3.124)%
\polyline(-3.5,-3.025)(-3.5,-2.926)\polyline(-3.5,-2.826)(-3.5,-2.727)\polyline(-3.5,-2.628)(-3.5,-2.529)%
\polyline(-3.5,-2.43)(-3.5,-2.331)\polyline(-3.5,-2.231)(-3.5,-2.132)\polyline(-3.5,-2.033)(-3.5,-1.934)%
\polyline(-3.5,-1.835)(-3.5,-1.736)\polyline(-3.5,-1.636)(-3.5,-1.537)\polyline(-3.5,-1.438)(-3.5,-1.339)%
\polyline(-3.5,-1.24)(-3.5,-1.14)\polyline(-3.5,-1.041)(-3.5,-0.942)\polyline(-3.5,-0.843)(-3.5,-0.744)%
\polyline(-3.5,-0.645)(-3.5,-0.545)\polyline(-3.5,-0.446)(-3.5,-0.347)\polyline(-3.5,-0.248)(-3.5,-0.149)%
\polyline(-3.5,-0.05)(-3.5,0.05)\polyline(-3.5,0.149)(-3.5,0.248)\polyline(-3.5,0.347)(-3.5,0.446)%
\polyline(-3.5,0.545)(-3.5,0.645)\polyline(-3.5,0.744)(-3.5,0.843)\polyline(-3.5,0.942)(-3.5,1.041)%
\polyline(-3.5,1.14)(-3.5,1.24)\polyline(-3.5,1.339)(-3.5,1.438)\polyline(-3.5,1.537)(-3.5,1.636)%
\polyline(-3.5,1.736)(-3.5,1.835)\polyline(-3.5,1.934)(-3.5,2.033)\polyline(-3.5,2.132)(-3.5,2.231)%
\polyline(-3.5,2.331)(-3.5,2.43)\polyline(-3.5,2.529)(-3.5,2.628)\polyline(-3.5,2.727)(-3.5,2.826)%
\polyline(-3.5,2.926)(-3.5,3.025)\polyline(-3.5,3.124)(-3.5,3.223)\polyline(-3.5,3.322)(-3.5,3.421)%
\polyline(-3.5,3.521)(-3.5,3.62)\polyline(-3.5,3.719)(-3.5,3.818)\polyline(-3.5,3.917)(-3.5,4.017)%
\polyline(-3.5,4.116)(-3.5,4.215)\polyline(-3.5,4.314)(-3.5,4.413)\polyline(-3.5,4.512)(-3.5,4.612)%
\polyline(-3.5,4.711)(-3.5,4.81)\polyline(-3.5,4.909)(-3.5,5.008)\polyline(-3.5,5.107)(-3.5,5.207)%
\polyline(-3.5,5.306)(-3.5,5.405)\polyline(-3.5,5.504)(-3.5,5.603)\polyline(-3.5,5.702)(-3.5,5.802)%
\polyline(-3.5,5.901)(-3.5,6)%
%
\polyline(-6,-3.5)(-5.901,-3.5)\polyline(-5.802,-3.5)(-5.702,-3.5)\polyline(-5.603,-3.5)(-5.504,-3.5)%
\polyline(-5.405,-3.5)(-5.306,-3.5)\polyline(-5.207,-3.5)(-5.107,-3.5)\polyline(-5.008,-3.5)(-4.909,-3.5)%
\polyline(-4.81,-3.5)(-4.711,-3.5)\polyline(-4.612,-3.5)(-4.512,-3.5)\polyline(-4.413,-3.5)(-4.314,-3.5)%
\polyline(-4.215,-3.5)(-4.116,-3.5)\polyline(-4.017,-3.5)(-3.917,-3.5)\polyline(-3.818,-3.5)(-3.719,-3.5)%
\polyline(-3.62,-3.5)(-3.521,-3.5)\polyline(-3.421,-3.5)(-3.322,-3.5)\polyline(-3.223,-3.5)(-3.124,-3.5)%
\polyline(-3.025,-3.5)(-2.926,-3.5)\polyline(-2.826,-3.5)(-2.727,-3.5)\polyline(-2.628,-3.5)(-2.529,-3.5)%
\polyline(-2.43,-3.5)(-2.331,-3.5)\polyline(-2.231,-3.5)(-2.132,-3.5)\polyline(-2.033,-3.5)(-1.934,-3.5)%
\polyline(-1.835,-3.5)(-1.736,-3.5)\polyline(-1.636,-3.5)(-1.537,-3.5)\polyline(-1.438,-3.5)(-1.339,-3.5)%
\polyline(-1.24,-3.5)(-1.14,-3.5)\polyline(-1.041,-3.5)(-0.942,-3.5)\polyline(-0.843,-3.5)(-0.744,-3.5)%
\polyline(-0.645,-3.5)(-0.545,-3.5)\polyline(-0.446,-3.5)(-0.347,-3.5)\polyline(-0.248,-3.5)(-0.149,-3.5)%
\polyline(-0.05,-3.5)(0.05,-3.5)\polyline(0.149,-3.5)(0.248,-3.5)\polyline(0.347,-3.5)(0.446,-3.5)%
\polyline(0.545,-3.5)(0.645,-3.5)\polyline(0.744,-3.5)(0.843,-3.5)\polyline(0.942,-3.5)(1.041,-3.5)%
\polyline(1.14,-3.5)(1.24,-3.5)\polyline(1.339,-3.5)(1.438,-3.5)\polyline(1.537,-3.5)(1.636,-3.5)%
\polyline(1.736,-3.5)(1.835,-3.5)\polyline(1.934,-3.5)(2.033,-3.5)\polyline(2.132,-3.5)(2.231,-3.5)%
\polyline(2.331,-3.5)(2.43,-3.5)\polyline(2.529,-3.5)(2.628,-3.5)\polyline(2.727,-3.5)(2.826,-3.5)%
\polyline(2.926,-3.5)(3.025,-3.5)\polyline(3.124,-3.5)(3.223,-3.5)\polyline(3.322,-3.5)(3.421,-3.5)%
\polyline(3.521,-3.5)(3.62,-3.5)\polyline(3.719,-3.5)(3.818,-3.5)\polyline(3.917,-3.5)(4.017,-3.5)%
\polyline(4.116,-3.5)(4.215,-3.5)\polyline(4.314,-3.5)(4.413,-3.5)\polyline(4.512,-3.5)(4.612,-3.5)%
\polyline(4.711,-3.5)(4.81,-3.5)\polyline(4.909,-3.5)(5.008,-3.5)\polyline(5.107,-3.5)(5.207,-3.5)%
\polyline(5.306,-3.5)(5.405,-3.5)\polyline(5.504,-3.5)(5.603,-3.5)\polyline(5.702,-3.5)(5.802,-3.5)%
\polyline(5.901,-3.5)(6,-3.5)%
%
\polyline(-2.5,-6)(-2.5,-5.901)\polyline(-2.5,-5.802)(-2.5,-5.702)\polyline(-2.5,-5.603)(-2.5,-5.504)%
\polyline(-2.5,-5.405)(-2.5,-5.306)\polyline(-2.5,-5.207)(-2.5,-5.107)\polyline(-2.5,-5.008)(-2.5,-4.909)%
\polyline(-2.5,-4.81)(-2.5,-4.711)\polyline(-2.5,-4.612)(-2.5,-4.512)\polyline(-2.5,-4.413)(-2.5,-4.314)%
\polyline(-2.5,-4.215)(-2.5,-4.116)\polyline(-2.5,-4.017)(-2.5,-3.917)\polyline(-2.5,-3.818)(-2.5,-3.719)%
\polyline(-2.5,-3.62)(-2.5,-3.521)\polyline(-2.5,-3.421)(-2.5,-3.322)\polyline(-2.5,-3.223)(-2.5,-3.124)%
\polyline(-2.5,-3.025)(-2.5,-2.926)\polyline(-2.5,-2.826)(-2.5,-2.727)\polyline(-2.5,-2.628)(-2.5,-2.529)%
\polyline(-2.5,-2.43)(-2.5,-2.331)\polyline(-2.5,-2.231)(-2.5,-2.132)\polyline(-2.5,-2.033)(-2.5,-1.934)%
\polyline(-2.5,-1.835)(-2.5,-1.736)\polyline(-2.5,-1.636)(-2.5,-1.537)\polyline(-2.5,-1.438)(-2.5,-1.339)%
\polyline(-2.5,-1.24)(-2.5,-1.14)\polyline(-2.5,-1.041)(-2.5,-0.942)\polyline(-2.5,-0.843)(-2.5,-0.744)%
\polyline(-2.5,-0.645)(-2.5,-0.545)\polyline(-2.5,-0.446)(-2.5,-0.347)\polyline(-2.5,-0.248)(-2.5,-0.149)%
\polyline(-2.5,-0.05)(-2.5,0.05)\polyline(-2.5,0.149)(-2.5,0.248)\polyline(-2.5,0.347)(-2.5,0.446)%
\polyline(-2.5,0.545)(-2.5,0.645)\polyline(-2.5,0.744)(-2.5,0.843)\polyline(-2.5,0.942)(-2.5,1.041)%
\polyline(-2.5,1.14)(-2.5,1.24)\polyline(-2.5,1.339)(-2.5,1.438)\polyline(-2.5,1.537)(-2.5,1.636)%
\polyline(-2.5,1.736)(-2.5,1.835)\polyline(-2.5,1.934)(-2.5,2.033)\polyline(-2.5,2.132)(-2.5,2.231)%
\polyline(-2.5,2.331)(-2.5,2.43)\polyline(-2.5,2.529)(-2.5,2.628)\polyline(-2.5,2.727)(-2.5,2.826)%
\polyline(-2.5,2.926)(-2.5,3.025)\polyline(-2.5,3.124)(-2.5,3.223)\polyline(-2.5,3.322)(-2.5,3.421)%
\polyline(-2.5,3.521)(-2.5,3.62)\polyline(-2.5,3.719)(-2.5,3.818)\polyline(-2.5,3.917)(-2.5,4.017)%
\polyline(-2.5,4.116)(-2.5,4.215)\polyline(-2.5,4.314)(-2.5,4.413)\polyline(-2.5,4.512)(-2.5,4.612)%
\polyline(-2.5,4.711)(-2.5,4.81)\polyline(-2.5,4.909)(-2.5,5.008)\polyline(-2.5,5.107)(-2.5,5.207)%
\polyline(-2.5,5.306)(-2.5,5.405)\polyline(-2.5,5.504)(-2.5,5.603)\polyline(-2.5,5.702)(-2.5,5.802)%
\polyline(-2.5,5.901)(-2.5,6)%
%
\polyline(-6,-2.5)(-5.901,-2.5)\polyline(-5.802,-2.5)(-5.702,-2.5)\polyline(-5.603,-2.5)(-5.504,-2.5)%
\polyline(-5.405,-2.5)(-5.306,-2.5)\polyline(-5.207,-2.5)(-5.107,-2.5)\polyline(-5.008,-2.5)(-4.909,-2.5)%
\polyline(-4.81,-2.5)(-4.711,-2.5)\polyline(-4.612,-2.5)(-4.512,-2.5)\polyline(-4.413,-2.5)(-4.314,-2.5)%
\polyline(-4.215,-2.5)(-4.116,-2.5)\polyline(-4.017,-2.5)(-3.917,-2.5)\polyline(-3.818,-2.5)(-3.719,-2.5)%
\polyline(-3.62,-2.5)(-3.521,-2.5)\polyline(-3.421,-2.5)(-3.322,-2.5)\polyline(-3.223,-2.5)(-3.124,-2.5)%
\polyline(-3.025,-2.5)(-2.926,-2.5)\polyline(-2.826,-2.5)(-2.727,-2.5)\polyline(-2.628,-2.5)(-2.529,-2.5)%
\polyline(-2.43,-2.5)(-2.331,-2.5)\polyline(-2.231,-2.5)(-2.132,-2.5)\polyline(-2.033,-2.5)(-1.934,-2.5)%
\polyline(-1.835,-2.5)(-1.736,-2.5)\polyline(-1.636,-2.5)(-1.537,-2.5)\polyline(-1.438,-2.5)(-1.339,-2.5)%
\polyline(-1.24,-2.5)(-1.14,-2.5)\polyline(-1.041,-2.5)(-0.942,-2.5)\polyline(-0.843,-2.5)(-0.744,-2.5)%
\polyline(-0.645,-2.5)(-0.545,-2.5)\polyline(-0.446,-2.5)(-0.347,-2.5)\polyline(-0.248,-2.5)(-0.149,-2.5)%
\polyline(-0.05,-2.5)(0.05,-2.5)\polyline(0.149,-2.5)(0.248,-2.5)\polyline(0.347,-2.5)(0.446,-2.5)%
\polyline(0.545,-2.5)(0.645,-2.5)\polyline(0.744,-2.5)(0.843,-2.5)\polyline(0.942,-2.5)(1.041,-2.5)%
\polyline(1.14,-2.5)(1.24,-2.5)\polyline(1.339,-2.5)(1.438,-2.5)\polyline(1.537,-2.5)(1.636,-2.5)%
\polyline(1.736,-2.5)(1.835,-2.5)\polyline(1.934,-2.5)(2.033,-2.5)\polyline(2.132,-2.5)(2.231,-2.5)%
\polyline(2.331,-2.5)(2.43,-2.5)\polyline(2.529,-2.5)(2.628,-2.5)\polyline(2.727,-2.5)(2.826,-2.5)%
\polyline(2.926,-2.5)(3.025,-2.5)\polyline(3.124,-2.5)(3.223,-2.5)\polyline(3.322,-2.5)(3.421,-2.5)%
\polyline(3.521,-2.5)(3.62,-2.5)\polyline(3.719,-2.5)(3.818,-2.5)\polyline(3.917,-2.5)(4.017,-2.5)%
\polyline(4.116,-2.5)(4.215,-2.5)\polyline(4.314,-2.5)(4.413,-2.5)\polyline(4.512,-2.5)(4.612,-2.5)%
\polyline(4.711,-2.5)(4.81,-2.5)\polyline(4.909,-2.5)(5.008,-2.5)\polyline(5.107,-2.5)(5.207,-2.5)%
\polyline(5.306,-2.5)(5.405,-2.5)\polyline(5.504,-2.5)(5.603,-2.5)\polyline(5.702,-2.5)(5.802,-2.5)%
\polyline(5.901,-2.5)(6,-2.5)%
%
\polyline(-1.5,-6)(-1.5,-5.901)\polyline(-1.5,-5.802)(-1.5,-5.702)\polyline(-1.5,-5.603)(-1.5,-5.504)%
\polyline(-1.5,-5.405)(-1.5,-5.306)\polyline(-1.5,-5.207)(-1.5,-5.107)\polyline(-1.5,-5.008)(-1.5,-4.909)%
\polyline(-1.5,-4.81)(-1.5,-4.711)\polyline(-1.5,-4.612)(-1.5,-4.512)\polyline(-1.5,-4.413)(-1.5,-4.314)%
\polyline(-1.5,-4.215)(-1.5,-4.116)\polyline(-1.5,-4.017)(-1.5,-3.917)\polyline(-1.5,-3.818)(-1.5,-3.719)%
\polyline(-1.5,-3.62)(-1.5,-3.521)\polyline(-1.5,-3.421)(-1.5,-3.322)\polyline(-1.5,-3.223)(-1.5,-3.124)%
\polyline(-1.5,-3.025)(-1.5,-2.926)\polyline(-1.5,-2.826)(-1.5,-2.727)\polyline(-1.5,-2.628)(-1.5,-2.529)%
\polyline(-1.5,-2.43)(-1.5,-2.331)\polyline(-1.5,-2.231)(-1.5,-2.132)\polyline(-1.5,-2.033)(-1.5,-1.934)%
\polyline(-1.5,-1.835)(-1.5,-1.736)\polyline(-1.5,-1.636)(-1.5,-1.537)\polyline(-1.5,-1.438)(-1.5,-1.339)%
\polyline(-1.5,-1.24)(-1.5,-1.14)\polyline(-1.5,-1.041)(-1.5,-0.942)\polyline(-1.5,-0.843)(-1.5,-0.744)%
\polyline(-1.5,-0.645)(-1.5,-0.545)\polyline(-1.5,-0.446)(-1.5,-0.347)\polyline(-1.5,-0.248)(-1.5,-0.149)%
\polyline(-1.5,-0.05)(-1.5,0.05)\polyline(-1.5,0.149)(-1.5,0.248)\polyline(-1.5,0.347)(-1.5,0.446)%
\polyline(-1.5,0.545)(-1.5,0.645)\polyline(-1.5,0.744)(-1.5,0.843)\polyline(-1.5,0.942)(-1.5,1.041)%
\polyline(-1.5,1.14)(-1.5,1.24)\polyline(-1.5,1.339)(-1.5,1.438)\polyline(-1.5,1.537)(-1.5,1.636)%
\polyline(-1.5,1.736)(-1.5,1.835)\polyline(-1.5,1.934)(-1.5,2.033)\polyline(-1.5,2.132)(-1.5,2.231)%
\polyline(-1.5,2.331)(-1.5,2.43)\polyline(-1.5,2.529)(-1.5,2.628)\polyline(-1.5,2.727)(-1.5,2.826)%
\polyline(-1.5,2.926)(-1.5,3.025)\polyline(-1.5,3.124)(-1.5,3.223)\polyline(-1.5,3.322)(-1.5,3.421)%
\polyline(-1.5,3.521)(-1.5,3.62)\polyline(-1.5,3.719)(-1.5,3.818)\polyline(-1.5,3.917)(-1.5,4.017)%
\polyline(-1.5,4.116)(-1.5,4.215)\polyline(-1.5,4.314)(-1.5,4.413)\polyline(-1.5,4.512)(-1.5,4.612)%
\polyline(-1.5,4.711)(-1.5,4.81)\polyline(-1.5,4.909)(-1.5,5.008)\polyline(-1.5,5.107)(-1.5,5.207)%
\polyline(-1.5,5.306)(-1.5,5.405)\polyline(-1.5,5.504)(-1.5,5.603)\polyline(-1.5,5.702)(-1.5,5.802)%
\polyline(-1.5,5.901)(-1.5,6)%
%
\polyline(-6,-1.5)(-5.901,-1.5)\polyline(-5.802,-1.5)(-5.702,-1.5)\polyline(-5.603,-1.5)(-5.504,-1.5)%
\polyline(-5.405,-1.5)(-5.306,-1.5)\polyline(-5.207,-1.5)(-5.107,-1.5)\polyline(-5.008,-1.5)(-4.909,-1.5)%
\polyline(-4.81,-1.5)(-4.711,-1.5)\polyline(-4.612,-1.5)(-4.512,-1.5)\polyline(-4.413,-1.5)(-4.314,-1.5)%
\polyline(-4.215,-1.5)(-4.116,-1.5)\polyline(-4.017,-1.5)(-3.917,-1.5)\polyline(-3.818,-1.5)(-3.719,-1.5)%
\polyline(-3.62,-1.5)(-3.521,-1.5)\polyline(-3.421,-1.5)(-3.322,-1.5)\polyline(-3.223,-1.5)(-3.124,-1.5)%
\polyline(-3.025,-1.5)(-2.926,-1.5)\polyline(-2.826,-1.5)(-2.727,-1.5)\polyline(-2.628,-1.5)(-2.529,-1.5)%
\polyline(-2.43,-1.5)(-2.331,-1.5)\polyline(-2.231,-1.5)(-2.132,-1.5)\polyline(-2.033,-1.5)(-1.934,-1.5)%
\polyline(-1.835,-1.5)(-1.736,-1.5)\polyline(-1.636,-1.5)(-1.537,-1.5)\polyline(-1.438,-1.5)(-1.339,-1.5)%
\polyline(-1.24,-1.5)(-1.14,-1.5)\polyline(-1.041,-1.5)(-0.942,-1.5)\polyline(-0.843,-1.5)(-0.744,-1.5)%
\polyline(-0.645,-1.5)(-0.545,-1.5)\polyline(-0.446,-1.5)(-0.347,-1.5)\polyline(-0.248,-1.5)(-0.149,-1.5)%
\polyline(-0.05,-1.5)(0.05,-1.5)\polyline(0.149,-1.5)(0.248,-1.5)\polyline(0.347,-1.5)(0.446,-1.5)%
\polyline(0.545,-1.5)(0.645,-1.5)\polyline(0.744,-1.5)(0.843,-1.5)\polyline(0.942,-1.5)(1.041,-1.5)%
\polyline(1.14,-1.5)(1.24,-1.5)\polyline(1.339,-1.5)(1.438,-1.5)\polyline(1.537,-1.5)(1.636,-1.5)%
\polyline(1.736,-1.5)(1.835,-1.5)\polyline(1.934,-1.5)(2.033,-1.5)\polyline(2.132,-1.5)(2.231,-1.5)%
\polyline(2.331,-1.5)(2.43,-1.5)\polyline(2.529,-1.5)(2.628,-1.5)\polyline(2.727,-1.5)(2.826,-1.5)%
\polyline(2.926,-1.5)(3.025,-1.5)\polyline(3.124,-1.5)(3.223,-1.5)\polyline(3.322,-1.5)(3.421,-1.5)%
\polyline(3.521,-1.5)(3.62,-1.5)\polyline(3.719,-1.5)(3.818,-1.5)\polyline(3.917,-1.5)(4.017,-1.5)%
\polyline(4.116,-1.5)(4.215,-1.5)\polyline(4.314,-1.5)(4.413,-1.5)\polyline(4.512,-1.5)(4.612,-1.5)%
\polyline(4.711,-1.5)(4.81,-1.5)\polyline(4.909,-1.5)(5.008,-1.5)\polyline(5.107,-1.5)(5.207,-1.5)%
\polyline(5.306,-1.5)(5.405,-1.5)\polyline(5.504,-1.5)(5.603,-1.5)\polyline(5.702,-1.5)(5.802,-1.5)%
\polyline(5.901,-1.5)(6,-1.5)%
%
\polyline(-0.5,-6)(-0.5,-5.901)\polyline(-0.5,-5.802)(-0.5,-5.702)\polyline(-0.5,-5.603)(-0.5,-5.504)%
\polyline(-0.5,-5.405)(-0.5,-5.306)\polyline(-0.5,-5.207)(-0.5,-5.107)\polyline(-0.5,-5.008)(-0.5,-4.909)%
\polyline(-0.5,-4.81)(-0.5,-4.711)\polyline(-0.5,-4.612)(-0.5,-4.512)\polyline(-0.5,-4.413)(-0.5,-4.314)%
\polyline(-0.5,-4.215)(-0.5,-4.116)\polyline(-0.5,-4.017)(-0.5,-3.917)\polyline(-0.5,-3.818)(-0.5,-3.719)%
\polyline(-0.5,-3.62)(-0.5,-3.521)\polyline(-0.5,-3.421)(-0.5,-3.322)\polyline(-0.5,-3.223)(-0.5,-3.124)%
\polyline(-0.5,-3.025)(-0.5,-2.926)\polyline(-0.5,-2.826)(-0.5,-2.727)\polyline(-0.5,-2.628)(-0.5,-2.529)%
\polyline(-0.5,-2.43)(-0.5,-2.331)\polyline(-0.5,-2.231)(-0.5,-2.132)\polyline(-0.5,-2.033)(-0.5,-1.934)%
\polyline(-0.5,-1.835)(-0.5,-1.736)\polyline(-0.5,-1.636)(-0.5,-1.537)\polyline(-0.5,-1.438)(-0.5,-1.339)%
\polyline(-0.5,-1.24)(-0.5,-1.14)\polyline(-0.5,-1.041)(-0.5,-0.942)\polyline(-0.5,-0.843)(-0.5,-0.744)%
\polyline(-0.5,-0.645)(-0.5,-0.545)\polyline(-0.5,-0.446)(-0.5,-0.347)\polyline(-0.5,-0.248)(-0.5,-0.149)%
\polyline(-0.5,-0.05)(-0.5,0.05)\polyline(-0.5,0.149)(-0.5,0.248)\polyline(-0.5,0.347)(-0.5,0.446)%
\polyline(-0.5,0.545)(-0.5,0.645)\polyline(-0.5,0.744)(-0.5,0.843)\polyline(-0.5,0.942)(-0.5,1.041)%
\polyline(-0.5,1.14)(-0.5,1.24)\polyline(-0.5,1.339)(-0.5,1.438)\polyline(-0.5,1.537)(-0.5,1.636)%
\polyline(-0.5,1.736)(-0.5,1.835)\polyline(-0.5,1.934)(-0.5,2.033)\polyline(-0.5,2.132)(-0.5,2.231)%
\polyline(-0.5,2.331)(-0.5,2.43)\polyline(-0.5,2.529)(-0.5,2.628)\polyline(-0.5,2.727)(-0.5,2.826)%
\polyline(-0.5,2.926)(-0.5,3.025)\polyline(-0.5,3.124)(-0.5,3.223)\polyline(-0.5,3.322)(-0.5,3.421)%
\polyline(-0.5,3.521)(-0.5,3.62)\polyline(-0.5,3.719)(-0.5,3.818)\polyline(-0.5,3.917)(-0.5,4.017)%
\polyline(-0.5,4.116)(-0.5,4.215)\polyline(-0.5,4.314)(-0.5,4.413)\polyline(-0.5,4.512)(-0.5,4.612)%
\polyline(-0.5,4.711)(-0.5,4.81)\polyline(-0.5,4.909)(-0.5,5.008)\polyline(-0.5,5.107)(-0.5,5.207)%
\polyline(-0.5,5.306)(-0.5,5.405)\polyline(-0.5,5.504)(-0.5,5.603)\polyline(-0.5,5.702)(-0.5,5.802)%
\polyline(-0.5,5.901)(-0.5,6)%
%
\polyline(-6,-0.5)(-5.901,-0.5)\polyline(-5.802,-0.5)(-5.702,-0.5)\polyline(-5.603,-0.5)(-5.504,-0.5)%
\polyline(-5.405,-0.5)(-5.306,-0.5)\polyline(-5.207,-0.5)(-5.107,-0.5)\polyline(-5.008,-0.5)(-4.909,-0.5)%
\polyline(-4.81,-0.5)(-4.711,-0.5)\polyline(-4.612,-0.5)(-4.512,-0.5)\polyline(-4.413,-0.5)(-4.314,-0.5)%
\polyline(-4.215,-0.5)(-4.116,-0.5)\polyline(-4.017,-0.5)(-3.917,-0.5)\polyline(-3.818,-0.5)(-3.719,-0.5)%
\polyline(-3.62,-0.5)(-3.521,-0.5)\polyline(-3.421,-0.5)(-3.322,-0.5)\polyline(-3.223,-0.5)(-3.124,-0.5)%
\polyline(-3.025,-0.5)(-2.926,-0.5)\polyline(-2.826,-0.5)(-2.727,-0.5)\polyline(-2.628,-0.5)(-2.529,-0.5)%
\polyline(-2.43,-0.5)(-2.331,-0.5)\polyline(-2.231,-0.5)(-2.132,-0.5)\polyline(-2.033,-0.5)(-1.934,-0.5)%
\polyline(-1.835,-0.5)(-1.736,-0.5)\polyline(-1.636,-0.5)(-1.537,-0.5)\polyline(-1.438,-0.5)(-1.339,-0.5)%
\polyline(-1.24,-0.5)(-1.14,-0.5)\polyline(-1.041,-0.5)(-0.942,-0.5)\polyline(-0.843,-0.5)(-0.744,-0.5)%
\polyline(-0.645,-0.5)(-0.545,-0.5)\polyline(-0.446,-0.5)(-0.347,-0.5)\polyline(-0.248,-0.5)(-0.149,-0.5)%
\polyline(-0.05,-0.5)(0.05,-0.5)\polyline(0.149,-0.5)(0.248,-0.5)\polyline(0.347,-0.5)(0.446,-0.5)%
\polyline(0.545,-0.5)(0.645,-0.5)\polyline(0.744,-0.5)(0.843,-0.5)\polyline(0.942,-0.5)(1.041,-0.5)%
\polyline(1.14,-0.5)(1.24,-0.5)\polyline(1.339,-0.5)(1.438,-0.5)\polyline(1.537,-0.5)(1.636,-0.5)%
\polyline(1.736,-0.5)(1.835,-0.5)\polyline(1.934,-0.5)(2.033,-0.5)\polyline(2.132,-0.5)(2.231,-0.5)%
\polyline(2.331,-0.5)(2.43,-0.5)\polyline(2.529,-0.5)(2.628,-0.5)\polyline(2.727,-0.5)(2.826,-0.5)%
\polyline(2.926,-0.5)(3.025,-0.5)\polyline(3.124,-0.5)(3.223,-0.5)\polyline(3.322,-0.5)(3.421,-0.5)%
\polyline(3.521,-0.5)(3.62,-0.5)\polyline(3.719,-0.5)(3.818,-0.5)\polyline(3.917,-0.5)(4.017,-0.5)%
\polyline(4.116,-0.5)(4.215,-0.5)\polyline(4.314,-0.5)(4.413,-0.5)\polyline(4.512,-0.5)(4.612,-0.5)%
\polyline(4.711,-0.5)(4.81,-0.5)\polyline(4.909,-0.5)(5.008,-0.5)\polyline(5.107,-0.5)(5.207,-0.5)%
\polyline(5.306,-0.5)(5.405,-0.5)\polyline(5.504,-0.5)(5.603,-0.5)\polyline(5.702,-0.5)(5.802,-0.5)%
\polyline(5.901,-0.5)(6,-0.5)%
%
\polyline(0.5,-6)(0.5,-5.901)\polyline(0.5,-5.802)(0.5,-5.702)\polyline(0.5,-5.603)(0.5,-5.504)%
\polyline(0.5,-5.405)(0.5,-5.306)\polyline(0.5,-5.207)(0.5,-5.107)\polyline(0.5,-5.008)(0.5,-4.909)%
\polyline(0.5,-4.81)(0.5,-4.711)\polyline(0.5,-4.612)(0.5,-4.512)\polyline(0.5,-4.413)(0.5,-4.314)%
\polyline(0.5,-4.215)(0.5,-4.116)\polyline(0.5,-4.017)(0.5,-3.917)\polyline(0.5,-3.818)(0.5,-3.719)%
\polyline(0.5,-3.62)(0.5,-3.521)\polyline(0.5,-3.421)(0.5,-3.322)\polyline(0.5,-3.223)(0.5,-3.124)%
\polyline(0.5,-3.025)(0.5,-2.926)\polyline(0.5,-2.826)(0.5,-2.727)\polyline(0.5,-2.628)(0.5,-2.529)%
\polyline(0.5,-2.43)(0.5,-2.331)\polyline(0.5,-2.231)(0.5,-2.132)\polyline(0.5,-2.033)(0.5,-1.934)%
\polyline(0.5,-1.835)(0.5,-1.736)\polyline(0.5,-1.636)(0.5,-1.537)\polyline(0.5,-1.438)(0.5,-1.339)%
\polyline(0.5,-1.24)(0.5,-1.14)\polyline(0.5,-1.041)(0.5,-0.942)\polyline(0.5,-0.843)(0.5,-0.744)%
\polyline(0.5,-0.645)(0.5,-0.545)\polyline(0.5,-0.446)(0.5,-0.347)\polyline(0.5,-0.248)(0.5,-0.149)%
\polyline(0.5,-0.05)(0.5,0.05)\polyline(0.5,0.149)(0.5,0.248)\polyline(0.5,0.347)(0.5,0.446)%
\polyline(0.5,0.545)(0.5,0.645)\polyline(0.5,0.744)(0.5,0.843)\polyline(0.5,0.942)(0.5,1.041)%
\polyline(0.5,1.14)(0.5,1.24)\polyline(0.5,1.339)(0.5,1.438)\polyline(0.5,1.537)(0.5,1.636)%
\polyline(0.5,1.736)(0.5,1.835)\polyline(0.5,1.934)(0.5,2.033)\polyline(0.5,2.132)(0.5,2.231)%
\polyline(0.5,2.331)(0.5,2.43)\polyline(0.5,2.529)(0.5,2.628)\polyline(0.5,2.727)(0.5,2.826)%
\polyline(0.5,2.926)(0.5,3.025)\polyline(0.5,3.124)(0.5,3.223)\polyline(0.5,3.322)(0.5,3.421)%
\polyline(0.5,3.521)(0.5,3.62)\polyline(0.5,3.719)(0.5,3.818)\polyline(0.5,3.917)(0.5,4.017)%
\polyline(0.5,4.116)(0.5,4.215)\polyline(0.5,4.314)(0.5,4.413)\polyline(0.5,4.512)(0.5,4.612)%
\polyline(0.5,4.711)(0.5,4.81)\polyline(0.5,4.909)(0.5,5.008)\polyline(0.5,5.107)(0.5,5.207)%
\polyline(0.5,5.306)(0.5,5.405)\polyline(0.5,5.504)(0.5,5.603)\polyline(0.5,5.702)(0.5,5.802)%
\polyline(0.5,5.901)(0.5,6)%
%
\polyline(-6,0.5)(-5.901,0.5)\polyline(-5.802,0.5)(-5.702,0.5)\polyline(-5.603,0.5)(-5.504,0.5)%
\polyline(-5.405,0.5)(-5.306,0.5)\polyline(-5.207,0.5)(-5.107,0.5)\polyline(-5.008,0.5)(-4.909,0.5)%
\polyline(-4.81,0.5)(-4.711,0.5)\polyline(-4.612,0.5)(-4.512,0.5)\polyline(-4.413,0.5)(-4.314,0.5)%
\polyline(-4.215,0.5)(-4.116,0.5)\polyline(-4.017,0.5)(-3.917,0.5)\polyline(-3.818,0.5)(-3.719,0.5)%
\polyline(-3.62,0.5)(-3.521,0.5)\polyline(-3.421,0.5)(-3.322,0.5)\polyline(-3.223,0.5)(-3.124,0.5)%
\polyline(-3.025,0.5)(-2.926,0.5)\polyline(-2.826,0.5)(-2.727,0.5)\polyline(-2.628,0.5)(-2.529,0.5)%
\polyline(-2.43,0.5)(-2.331,0.5)\polyline(-2.231,0.5)(-2.132,0.5)\polyline(-2.033,0.5)(-1.934,0.5)%
\polyline(-1.835,0.5)(-1.736,0.5)\polyline(-1.636,0.5)(-1.537,0.5)\polyline(-1.438,0.5)(-1.339,0.5)%
\polyline(-1.24,0.5)(-1.14,0.5)\polyline(-1.041,0.5)(-0.942,0.5)\polyline(-0.843,0.5)(-0.744,0.5)%
\polyline(-0.645,0.5)(-0.545,0.5)\polyline(-0.446,0.5)(-0.347,0.5)\polyline(-0.248,0.5)(-0.149,0.5)%
\polyline(-0.05,0.5)(0.05,0.5)\polyline(0.149,0.5)(0.248,0.5)\polyline(0.347,0.5)(0.446,0.5)%
\polyline(0.545,0.5)(0.645,0.5)\polyline(0.744,0.5)(0.843,0.5)\polyline(0.942,0.5)(1.041,0.5)%
\polyline(1.14,0.5)(1.24,0.5)\polyline(1.339,0.5)(1.438,0.5)\polyline(1.537,0.5)(1.636,0.5)%
\polyline(1.736,0.5)(1.835,0.5)\polyline(1.934,0.5)(2.033,0.5)\polyline(2.132,0.5)(2.231,0.5)%
\polyline(2.331,0.5)(2.43,0.5)\polyline(2.529,0.5)(2.628,0.5)\polyline(2.727,0.5)(2.826,0.5)%
\polyline(2.926,0.5)(3.025,0.5)\polyline(3.124,0.5)(3.223,0.5)\polyline(3.322,0.5)(3.421,0.5)%
\polyline(3.521,0.5)(3.62,0.5)\polyline(3.719,0.5)(3.818,0.5)\polyline(3.917,0.5)(4.017,0.5)%
\polyline(4.116,0.5)(4.215,0.5)\polyline(4.314,0.5)(4.413,0.5)\polyline(4.512,0.5)(4.612,0.5)%
\polyline(4.711,0.5)(4.81,0.5)\polyline(4.909,0.5)(5.008,0.5)\polyline(5.107,0.5)(5.207,0.5)%
\polyline(5.306,0.5)(5.405,0.5)\polyline(5.504,0.5)(5.603,0.5)\polyline(5.702,0.5)(5.802,0.5)%
\polyline(5.901,0.5)(6,0.5)%
%
\polyline(1.5,-6)(1.5,-5.901)\polyline(1.5,-5.802)(1.5,-5.702)\polyline(1.5,-5.603)(1.5,-5.504)%
\polyline(1.5,-5.405)(1.5,-5.306)\polyline(1.5,-5.207)(1.5,-5.107)\polyline(1.5,-5.008)(1.5,-4.909)%
\polyline(1.5,-4.81)(1.5,-4.711)\polyline(1.5,-4.612)(1.5,-4.512)\polyline(1.5,-4.413)(1.5,-4.314)%
\polyline(1.5,-4.215)(1.5,-4.116)\polyline(1.5,-4.017)(1.5,-3.917)\polyline(1.5,-3.818)(1.5,-3.719)%
\polyline(1.5,-3.62)(1.5,-3.521)\polyline(1.5,-3.421)(1.5,-3.322)\polyline(1.5,-3.223)(1.5,-3.124)%
\polyline(1.5,-3.025)(1.5,-2.926)\polyline(1.5,-2.826)(1.5,-2.727)\polyline(1.5,-2.628)(1.5,-2.529)%
\polyline(1.5,-2.43)(1.5,-2.331)\polyline(1.5,-2.231)(1.5,-2.132)\polyline(1.5,-2.033)(1.5,-1.934)%
\polyline(1.5,-1.835)(1.5,-1.736)\polyline(1.5,-1.636)(1.5,-1.537)\polyline(1.5,-1.438)(1.5,-1.339)%
\polyline(1.5,-1.24)(1.5,-1.14)\polyline(1.5,-1.041)(1.5,-0.942)\polyline(1.5,-0.843)(1.5,-0.744)%
\polyline(1.5,-0.645)(1.5,-0.545)\polyline(1.5,-0.446)(1.5,-0.347)\polyline(1.5,-0.248)(1.5,-0.149)%
\polyline(1.5,-0.05)(1.5,0.05)\polyline(1.5,0.149)(1.5,0.248)\polyline(1.5,0.347)(1.5,0.446)%
\polyline(1.5,0.545)(1.5,0.645)\polyline(1.5,0.744)(1.5,0.843)\polyline(1.5,0.942)(1.5,1.041)%
\polyline(1.5,1.14)(1.5,1.24)\polyline(1.5,1.339)(1.5,1.438)\polyline(1.5,1.537)(1.5,1.636)%
\polyline(1.5,1.736)(1.5,1.835)\polyline(1.5,1.934)(1.5,2.033)\polyline(1.5,2.132)(1.5,2.231)%
\polyline(1.5,2.331)(1.5,2.43)\polyline(1.5,2.529)(1.5,2.628)\polyline(1.5,2.727)(1.5,2.826)%
\polyline(1.5,2.926)(1.5,3.025)\polyline(1.5,3.124)(1.5,3.223)\polyline(1.5,3.322)(1.5,3.421)%
\polyline(1.5,3.521)(1.5,3.62)\polyline(1.5,3.719)(1.5,3.818)\polyline(1.5,3.917)(1.5,4.017)%
\polyline(1.5,4.116)(1.5,4.215)\polyline(1.5,4.314)(1.5,4.413)\polyline(1.5,4.512)(1.5,4.612)%
\polyline(1.5,4.711)(1.5,4.81)\polyline(1.5,4.909)(1.5,5.008)\polyline(1.5,5.107)(1.5,5.207)%
\polyline(1.5,5.306)(1.5,5.405)\polyline(1.5,5.504)(1.5,5.603)\polyline(1.5,5.702)(1.5,5.802)%
\polyline(1.5,5.901)(1.5,6)%
%
\polyline(-6,1.5)(-5.901,1.5)\polyline(-5.802,1.5)(-5.702,1.5)\polyline(-5.603,1.5)(-5.504,1.5)%
\polyline(-5.405,1.5)(-5.306,1.5)\polyline(-5.207,1.5)(-5.107,1.5)\polyline(-5.008,1.5)(-4.909,1.5)%
\polyline(-4.81,1.5)(-4.711,1.5)\polyline(-4.612,1.5)(-4.512,1.5)\polyline(-4.413,1.5)(-4.314,1.5)%
\polyline(-4.215,1.5)(-4.116,1.5)\polyline(-4.017,1.5)(-3.917,1.5)\polyline(-3.818,1.5)(-3.719,1.5)%
\polyline(-3.62,1.5)(-3.521,1.5)\polyline(-3.421,1.5)(-3.322,1.5)\polyline(-3.223,1.5)(-3.124,1.5)%
\polyline(-3.025,1.5)(-2.926,1.5)\polyline(-2.826,1.5)(-2.727,1.5)\polyline(-2.628,1.5)(-2.529,1.5)%
\polyline(-2.43,1.5)(-2.331,1.5)\polyline(-2.231,1.5)(-2.132,1.5)\polyline(-2.033,1.5)(-1.934,1.5)%
\polyline(-1.835,1.5)(-1.736,1.5)\polyline(-1.636,1.5)(-1.537,1.5)\polyline(-1.438,1.5)(-1.339,1.5)%
\polyline(-1.24,1.5)(-1.14,1.5)\polyline(-1.041,1.5)(-0.942,1.5)\polyline(-0.843,1.5)(-0.744,1.5)%
\polyline(-0.645,1.5)(-0.545,1.5)\polyline(-0.446,1.5)(-0.347,1.5)\polyline(-0.248,1.5)(-0.149,1.5)%
\polyline(-0.05,1.5)(0.05,1.5)\polyline(0.149,1.5)(0.248,1.5)\polyline(0.347,1.5)(0.446,1.5)%
\polyline(0.545,1.5)(0.645,1.5)\polyline(0.744,1.5)(0.843,1.5)\polyline(0.942,1.5)(1.041,1.5)%
\polyline(1.14,1.5)(1.24,1.5)\polyline(1.339,1.5)(1.438,1.5)\polyline(1.537,1.5)(1.636,1.5)%
\polyline(1.736,1.5)(1.835,1.5)\polyline(1.934,1.5)(2.033,1.5)\polyline(2.132,1.5)(2.231,1.5)%
\polyline(2.331,1.5)(2.43,1.5)\polyline(2.529,1.5)(2.628,1.5)\polyline(2.727,1.5)(2.826,1.5)%
\polyline(2.926,1.5)(3.025,1.5)\polyline(3.124,1.5)(3.223,1.5)\polyline(3.322,1.5)(3.421,1.5)%
\polyline(3.521,1.5)(3.62,1.5)\polyline(3.719,1.5)(3.818,1.5)\polyline(3.917,1.5)(4.017,1.5)%
\polyline(4.116,1.5)(4.215,1.5)\polyline(4.314,1.5)(4.413,1.5)\polyline(4.512,1.5)(4.612,1.5)%
\polyline(4.711,1.5)(4.81,1.5)\polyline(4.909,1.5)(5.008,1.5)\polyline(5.107,1.5)(5.207,1.5)%
\polyline(5.306,1.5)(5.405,1.5)\polyline(5.504,1.5)(5.603,1.5)\polyline(5.702,1.5)(5.802,1.5)%
\polyline(5.901,1.5)(6,1.5)%
%
\polyline(2.5,-6)(2.5,-5.901)\polyline(2.5,-5.802)(2.5,-5.702)\polyline(2.5,-5.603)(2.5,-5.504)%
\polyline(2.5,-5.405)(2.5,-5.306)\polyline(2.5,-5.207)(2.5,-5.107)\polyline(2.5,-5.008)(2.5,-4.909)%
\polyline(2.5,-4.81)(2.5,-4.711)\polyline(2.5,-4.612)(2.5,-4.512)\polyline(2.5,-4.413)(2.5,-4.314)%
\polyline(2.5,-4.215)(2.5,-4.116)\polyline(2.5,-4.017)(2.5,-3.917)\polyline(2.5,-3.818)(2.5,-3.719)%
\polyline(2.5,-3.62)(2.5,-3.521)\polyline(2.5,-3.421)(2.5,-3.322)\polyline(2.5,-3.223)(2.5,-3.124)%
\polyline(2.5,-3.025)(2.5,-2.926)\polyline(2.5,-2.826)(2.5,-2.727)\polyline(2.5,-2.628)(2.5,-2.529)%
\polyline(2.5,-2.43)(2.5,-2.331)\polyline(2.5,-2.231)(2.5,-2.132)\polyline(2.5,-2.033)(2.5,-1.934)%
\polyline(2.5,-1.835)(2.5,-1.736)\polyline(2.5,-1.636)(2.5,-1.537)\polyline(2.5,-1.438)(2.5,-1.339)%
\polyline(2.5,-1.24)(2.5,-1.14)\polyline(2.5,-1.041)(2.5,-0.942)\polyline(2.5,-0.843)(2.5,-0.744)%
\polyline(2.5,-0.645)(2.5,-0.545)\polyline(2.5,-0.446)(2.5,-0.347)\polyline(2.5,-0.248)(2.5,-0.149)%
\polyline(2.5,-0.05)(2.5,0.05)\polyline(2.5,0.149)(2.5,0.248)\polyline(2.5,0.347)(2.5,0.446)%
\polyline(2.5,0.545)(2.5,0.645)\polyline(2.5,0.744)(2.5,0.843)\polyline(2.5,0.942)(2.5,1.041)%
\polyline(2.5,1.14)(2.5,1.24)\polyline(2.5,1.339)(2.5,1.438)\polyline(2.5,1.537)(2.5,1.636)%
\polyline(2.5,1.736)(2.5,1.835)\polyline(2.5,1.934)(2.5,2.033)\polyline(2.5,2.132)(2.5,2.231)%
\polyline(2.5,2.331)(2.5,2.43)\polyline(2.5,2.529)(2.5,2.628)\polyline(2.5,2.727)(2.5,2.826)%
\polyline(2.5,2.926)(2.5,3.025)\polyline(2.5,3.124)(2.5,3.223)\polyline(2.5,3.322)(2.5,3.421)%
\polyline(2.5,3.521)(2.5,3.62)\polyline(2.5,3.719)(2.5,3.818)\polyline(2.5,3.917)(2.5,4.017)%
\polyline(2.5,4.116)(2.5,4.215)\polyline(2.5,4.314)(2.5,4.413)\polyline(2.5,4.512)(2.5,4.612)%
\polyline(2.5,4.711)(2.5,4.81)\polyline(2.5,4.909)(2.5,5.008)\polyline(2.5,5.107)(2.5,5.207)%
\polyline(2.5,5.306)(2.5,5.405)\polyline(2.5,5.504)(2.5,5.603)\polyline(2.5,5.702)(2.5,5.802)%
\polyline(2.5,5.901)(2.5,6)%
%
\polyline(-6,2.5)(-5.901,2.5)\polyline(-5.802,2.5)(-5.702,2.5)\polyline(-5.603,2.5)(-5.504,2.5)%
\polyline(-5.405,2.5)(-5.306,2.5)\polyline(-5.207,2.5)(-5.107,2.5)\polyline(-5.008,2.5)(-4.909,2.5)%
\polyline(-4.81,2.5)(-4.711,2.5)\polyline(-4.612,2.5)(-4.512,2.5)\polyline(-4.413,2.5)(-4.314,2.5)%
\polyline(-4.215,2.5)(-4.116,2.5)\polyline(-4.017,2.5)(-3.917,2.5)\polyline(-3.818,2.5)(-3.719,2.5)%
\polyline(-3.62,2.5)(-3.521,2.5)\polyline(-3.421,2.5)(-3.322,2.5)\polyline(-3.223,2.5)(-3.124,2.5)%
\polyline(-3.025,2.5)(-2.926,2.5)\polyline(-2.826,2.5)(-2.727,2.5)\polyline(-2.628,2.5)(-2.529,2.5)%
\polyline(-2.43,2.5)(-2.331,2.5)\polyline(-2.231,2.5)(-2.132,2.5)\polyline(-2.033,2.5)(-1.934,2.5)%
\polyline(-1.835,2.5)(-1.736,2.5)\polyline(-1.636,2.5)(-1.537,2.5)\polyline(-1.438,2.5)(-1.339,2.5)%
\polyline(-1.24,2.5)(-1.14,2.5)\polyline(-1.041,2.5)(-0.942,2.5)\polyline(-0.843,2.5)(-0.744,2.5)%
\polyline(-0.645,2.5)(-0.545,2.5)\polyline(-0.446,2.5)(-0.347,2.5)\polyline(-0.248,2.5)(-0.149,2.5)%
\polyline(-0.05,2.5)(0.05,2.5)\polyline(0.149,2.5)(0.248,2.5)\polyline(0.347,2.5)(0.446,2.5)%
\polyline(0.545,2.5)(0.645,2.5)\polyline(0.744,2.5)(0.843,2.5)\polyline(0.942,2.5)(1.041,2.5)%
\polyline(1.14,2.5)(1.24,2.5)\polyline(1.339,2.5)(1.438,2.5)\polyline(1.537,2.5)(1.636,2.5)%
\polyline(1.736,2.5)(1.835,2.5)\polyline(1.934,2.5)(2.033,2.5)\polyline(2.132,2.5)(2.231,2.5)%
\polyline(2.331,2.5)(2.43,2.5)\polyline(2.529,2.5)(2.628,2.5)\polyline(2.727,2.5)(2.826,2.5)%
\polyline(2.926,2.5)(3.025,2.5)\polyline(3.124,2.5)(3.223,2.5)\polyline(3.322,2.5)(3.421,2.5)%
\polyline(3.521,2.5)(3.62,2.5)\polyline(3.719,2.5)(3.818,2.5)\polyline(3.917,2.5)(4.017,2.5)%
\polyline(4.116,2.5)(4.215,2.5)\polyline(4.314,2.5)(4.413,2.5)\polyline(4.512,2.5)(4.612,2.5)%
\polyline(4.711,2.5)(4.81,2.5)\polyline(4.909,2.5)(5.008,2.5)\polyline(5.107,2.5)(5.207,2.5)%
\polyline(5.306,2.5)(5.405,2.5)\polyline(5.504,2.5)(5.603,2.5)\polyline(5.702,2.5)(5.802,2.5)%
\polyline(5.901,2.5)(6,2.5)%
%
\polyline(3.5,-6)(3.5,-5.901)\polyline(3.5,-5.802)(3.5,-5.702)\polyline(3.5,-5.603)(3.5,-5.504)%
\polyline(3.5,-5.405)(3.5,-5.306)\polyline(3.5,-5.207)(3.5,-5.107)\polyline(3.5,-5.008)(3.5,-4.909)%
\polyline(3.5,-4.81)(3.5,-4.711)\polyline(3.5,-4.612)(3.5,-4.512)\polyline(3.5,-4.413)(3.5,-4.314)%
\polyline(3.5,-4.215)(3.5,-4.116)\polyline(3.5,-4.017)(3.5,-3.917)\polyline(3.5,-3.818)(3.5,-3.719)%
\polyline(3.5,-3.62)(3.5,-3.521)\polyline(3.5,-3.421)(3.5,-3.322)\polyline(3.5,-3.223)(3.5,-3.124)%
\polyline(3.5,-3.025)(3.5,-2.926)\polyline(3.5,-2.826)(3.5,-2.727)\polyline(3.5,-2.628)(3.5,-2.529)%
\polyline(3.5,-2.43)(3.5,-2.331)\polyline(3.5,-2.231)(3.5,-2.132)\polyline(3.5,-2.033)(3.5,-1.934)%
